init_p;

IC1 = 300e-6;
gm1 = 300e-6;
f0 = 6.12e6;

C = gm1 / (2 * pi * f0)

SL = 2 * IC1 / C

% 297
